VerticesCount 98 EdgesCount 168
v -0.976575990907 -1.44763374151 21.1448432613
v -0.399918725976 -1.51995993634 16.9168810972
v 0.130066633645 -1.42788666547 13.0824790971
v 0.578576752752 -1.19731014545 9.55198356345
v 0.91801971889 -0.858210850471 6.24076311128
v 1.12891863041 -0.448802123614 3.11295726421
v 1.2 -1.46952762459e-16 0.0
v -0.250224852778 -1.72990400018 21.1832644244
v 0.300773934276 -1.54404176135 16.9525008363
v 0.738459771853 -1.23029506587 13.1124576357
v 1.04154108010 -0.827116900236 9.58003238713
v 1.20132307425 -0.376232011793 6.29091655595
v 1.21124453319 0.0931292677655 3.04668623535
v 1.08116264148 0.520660486941 0.0
v 0.524213693826 -1.66698955048 21.1723007800
v 0.940663001767 -1.25996338963 16.9332760842
v 1.19771455561 -0.789264616688 13.1136210335
v 1.29898313304 -0.29287654026 9.56723330286
v 1.24175689198 0.193309726796 6.1441689307
v 1.05472342269 0.600860518393 3.08337967189
v 0.74818776223 0.938197778962 0.0
v 1.1959331643 -1.27298945830 21.1584800924
v 1.39353751923 -0.730764794905 16.9693277327
v 1.42266654357 -0.185402066892 13.0603355111
v 1.29032938824 0.31198913262 9.41104665710
v 1.04401053982 0.699664974957 6.25310761220
v 0.687116445327 1.00092593091 3.0694267881
v 0.267025120748 1.16991349462 0.0
v 1.63085464795 -0.634843608027 21.2159869422
v 1.56849678364 -0.0405581059529 16.8338410147
v 1.35327758371 0.459756964766 12.9132197731
v 1.04239053945 0.825573455675 9.56875160243
v 0.632421343602 1.08589969228 6.21771568218
v 0.185524236484 1.19977513549 3.07315724561
v -0.267025120748 1.16991349462 0.0
v 1.73412452212 0.155339695719 20.9892716122
v 1.42410367214 0.64865608249 16.7361326834
v 1.04064015689 0.987084703248 13.1064899485
v 0.574439559097 1.19835314113 9.51892701901
v 0.0998783934764 1.25270572059 6.22611814448
v -0.353553592094 1.16141736368 3.07232487598
v -0.74818776223 0.938197778962 0.0
v 1.49216754139 0.891184874356 20.9672366068
v 1.02628181784 1.19157084774 16.9424893020
v 0.501458365678 1.34207556089 13.0467898800
v -0.00083858238948 1.32911621248 9.53031957792
v -0.453754544004 1.17188786240 6.22452350221
v -0.822449257459 0.893011526316 3.07245578743
v -1.08116264148 0.520660486941 0.0
v 0.983811533394 1.44403784752 21.1673346486
v 0.399186801355 1.51862252572 16.8783871701
v -0.128832988582 1.42726326935 13.0599002224
v -0.577670184397 1.19697192191 9.52827766226
v -0.917268392951 0.858976549609 6.22468774747
v -1.12846280582 0.447730468024 3.07245686278
v -1.2 1.80411241502e-16 0.0
v 0.251396953195 1.72620259125 21.1033566291
v -0.297624327116 1.54227455634 16.8921176976
v -0.735557627574 1.22981496919 13.0576844460
v -1.03979983797 0.827812660801 9.52843161449
v -1.19912393012 0.375928888448 6.22471782639
v -1.21097259758 -0.0862330983406 3.07243432997
v -1.08116264148 -0.520660486941 0.0
v -0.520977464378 1.66545013014 21.1171520377
v -0.93750268127 1.26016391505 16.8898956352
v -1.19630682959 0.788895217336 13.0578166791
v -1.29600066638 0.29469017052 9.52851393427
v -1.24348183520 -0.181585039661 6.22469783479
v -1.05363465140 -0.603113933395 3.07246605159
v -0.74818776223 -0.938197778962 0.0
v -1.19214643094 1.27419838116 21.1148865071
v -1.39142358512 0.728614976448 16.8900079305
v -1.42012553030 0.191723578166 13.0579367948
v -1.29551570677 -0.296812740047 9.52849540158
v -1.04155297518 -0.703129572224 6.22473167738
v -0.687611588938 -1.00054062117 3.07248734829
v -0.267025120748 -1.16991349462 0.0
v -1.62691236668 0.63078915768 21.1145410535
v -1.56975051180 0.052773055589 16.8897035519
v -1.3626643397 -0.443419649423 13.0575239298
v -1.03843704671 -0.829509416367 9.52813775712
v -0.633342220986 -1.08539680807 6.22445124385
v -0.185382779215 -1.19979463198 3.07194792103
v 0.267025120748 -1.16991349462 0.0
v -1.73959793659 -0.137690295429 21.1173058712
v -1.43723610656 -0.63367446821 16.8920840416
v -1.03531797080 -0.990857140672 13.0596784643
v -0.575663937336 -1.19799539724 9.53028057826
v -0.099587749791 -1.25273429212 6.22599595060
v 0.353491156063 -1.16148657177 3.07525764951
v 0.74818776223 -0.938197778962 0.0
v -1.50741189060 -0.87810996151 21.1054929261
v -1.02002644099 -1.19391719388 16.8813967041
v -0.503113226093 -1.34151313127 13.0501014968
v 0.000880389857444 -1.32887301005 9.52089631884
v 0.453394577665 -1.17198411082 6.21932834162
v 0.8224664412 -0.892692272441 3.06042303807
v 1.08116264148 -0.520660486941 0.0
l 1 2
l 2 3
l 3 4
l 4 5
l 5 6
l 6 7
l 8 9
l 9 10
l 10 11
l 11 12
l 12 13
l 13 14
l 15 16
l 16 17
l 17 18
l 18 19
l 19 20
l 20 21
l 22 23
l 23 24
l 24 25
l 25 26
l 26 27
l 27 28
l 29 30
l 30 31
l 31 32
l 32 33
l 33 34
l 34 35
l 36 37
l 37 38
l 38 39
l 39 40
l 40 41
l 41 42
l 43 44
l 44 45
l 45 46
l 46 47
l 47 48
l 48 49
l 50 51
l 51 52
l 52 53
l 53 54
l 54 55
l 55 56
l 57 58
l 58 59
l 59 60
l 60 61
l 61 62
l 62 63
l 64 65
l 65 66
l 66 67
l 67 68
l 68 69
l 69 70
l 71 72
l 72 73
l 73 74
l 74 75
l 75 76
l 76 77
l 78 79
l 79 80
l 80 81
l 81 82
l 82 83
l 83 84
l 85 86
l 86 87
l 87 88
l 88 89
l 89 90
l 90 91
l 92 93
l 93 94
l 94 95
l 95 96
l 96 97
l 97 98
l 43 37
l 37 31
l 31 25
l 25 19
l 19 13
l 13 7
l 50 44
l 44 38
l 38 32
l 32 26
l 26 20
l 20 14
l 57 51
l 51 45
l 45 39
l 39 33
l 33 27
l 27 21
l 64 58
l 58 52
l 52 46
l 46 40
l 40 34
l 34 28
l 71 65
l 65 59
l 59 53
l 53 47
l 47 41
l 41 35
l 78 72
l 72 66
l 66 60
l 60 54
l 54 48
l 48 42
l 85 79
l 79 73
l 73 67
l 67 61
l 61 55
l 55 49
l 92 86
l 86 80
l 80 74
l 74 68
l 68 62
l 62 56
l 1 93
l 93 87
l 87 81
l 81 75
l 75 69
l 69 63
l 8 2
l 2 94
l 94 88
l 88 82
l 82 76
l 76 70
l 15 9
l 9 3
l 3 95
l 95 89
l 89 83
l 83 77
l 22 16
l 16 10
l 10 4
l 4 96
l 96 90
l 90 84
l 29 23
l 23 17
l 17 11
l 11 5
l 5 97
l 97 91
l 36 30
l 30 24
l 24 18
l 18 12
l 12 6
l 6 98
